%YAML:1.0
---
cameraMatrix: !!opencv-matrix
   rows: 3
   cols: 3
   dt: d
   data: [ 1.2736453427215495e+03, 0., 6.2942510239399087e+02, 0.,
       1.2748157752355771e+03, 5.3936583622654143e+02, 0., 0., 1. ]
distCoeffs: !!opencv-matrix
   rows: 1
   cols: 5
   dt: d
   data: [ -2.0547486926587286e-01, 1.3516391420410043e-01,
       -4.8129956000804601e-05, -2.0316752556497905e-03,
       5.3962691716702385e-02 ]
img_1_rotVec: !!opencv-matrix
   rows: 3
   cols: 1
   dt: d
   data: [ 2.0545532058919869e+00, 2.1250532872635670e+00,
       -2.2856646456338547e-01 ]
img_1_rotMat: !!opencv-matrix
   rows: 3
   cols: 3
   dt: d
   data: [ -3.1356271179879602e-02, 9.9930553127051669e-01,
       2.0130559600859577e-02, 9.7216770106171524e-01,
       3.5170843056262724e-02, -2.3163111365075828e-01,
       -2.3217826183790907e-01, 1.2307191834922890e-02,
       -9.7259538748601193e-01 ]
img_1_tvec: !!opencv-matrix
   rows: 3
   cols: 1
   dt: d
   data: [ -8.5825395357575509e+00, -1.2697555649374144e+02,
       1.0062456769297298e+03 ]
img_2_rotVec: !!opencv-matrix
   rows: 3
   cols: 1
   dt: d
   data: [ 1.8426144934755266e+00, 1.9479941720938785e+00,
       -7.0766433478845869e-01 ]
img_2_rotMat: !!opencv-matrix
   rows: 3
   cols: 3
   dt: d
   data: [ -7.9585015771466705e-02, 9.9401970718301258e-01,
       -7.4773304035951116e-02, 8.1023679466539833e-01,
       2.0809957414083313e-02, -5.8573311520074123e-01,
       -5.8067423038653621e-01, -1.0719966139975151e-01,
       -8.0704750217120569e-01 ]
img_2_tvec: !!opencv-matrix
   rows: 3
   cols: 1
   dt: d
   data: [ -6.3955551513224300e+00, -4.4283047975329289e+01,
       1.6830677205712518e+03 ]
img_3_rotVec: !!opencv-matrix
   rows: 3
   cols: 1
   dt: d
   data: [ -1.7949750225807199e+00, -2.1457506353038616e+00,
       1.0537011056310910e+00 ]
img_3_rotMat: !!opencv-matrix
   rows: 3
   cols: 3
   dt: d
   data: [ -2.7153189451120574e-01, 8.0356613896386253e-01,
       -5.2967149307270223e-01, 9.1044744275386991e-01,
       3.6043930288181536e-02, -4.1205131849360627e-01,
       -3.1201904468492653e-01, -5.9412313151407503e-01,
       -7.4139181298002943e-01 ]
img_3_tvec: !!opencv-matrix
   rows: 3
   cols: 1
   dt: d
   data: [ 3.7312369271428497e+02, -1.7688490871663231e+02,
       2.0517620779680396e+03 ]
img_4_rotVec: !!opencv-matrix
   rows: 3
   cols: 1
   dt: d
   data: [ 1.6797045817902945e+00, 1.5616163111255594e+00,
       2.6066671405000591e-01 ]
img_4_rotMat: !!opencv-matrix
   rows: 3
   cols: 3
   dt: d
   data: [ 2.1320727807529560e-01, 7.3976067885657526e-01,
       6.3819808413484180e-01, 9.0693677137205342e-01,
       9.3062371178631587e-02, -4.1085896339722994e-01,
       -3.6332953266829177e-01, 6.6640343117984435e-01,
       -6.5107458681995189e-01 ]
img_4_tvec: !!opencv-matrix
   rows: 3
   cols: 1
   dt: d
   data: [ -3.1714828297855360e+02, -1.1498106910036701e+02,
       1.7597127930755441e+03 ]
img_5_rotVec: !!opencv-matrix
   rows: 3
   cols: 1
   dt: d
   data: [ 2.0175198637846066e+00, 2.0617239032953152e+00,
       -5.6286093490661981e-01 ]
img_5_rotMat: !!opencv-matrix
   rows: 3
   cols: 3
   dt: d
   data: [ -4.6741221095545127e-02, 9.9177956912628096e-01,
       -1.1911567702945847e-01, 9.1472298594678403e-01,
       -5.4173795486167631e-03, -4.0404518432896364e-01,
       -4.0136905365398723e-01, -1.2784341305876948e-01,
       -9.0695035393696577e-01 ]
img_5_tvec: !!opencv-matrix
   rows: 3
   cols: 1
   dt: d
   data: [ 5.9728551508744295e+02, 3.5481299179883575e+02,
       2.4181180433595887e+03 ]
img_6_rotVec: !!opencv-matrix
   rows: 3
   cols: 1
   dt: d
   data: [ 1.7643466385365609e+00, 1.7983522130994078e+00,
       -4.9407980236078765e-02 ]
img_6_rotMat: !!opencv-matrix
   rows: 3
   cols: 3
   dt: d
   data: [ 7.5936354915670079e-02, 9.1732776334550004e-01,
       3.9082405836599099e-01, 8.9448514389130318e-01,
       1.1052662208288822e-01, -4.3322072107495163e-01,
       -4.4060185809852870e-01, 3.8248351651605655e-01,
       -8.1214306758947064e-01 ]
img_6_tvec: !!opencv-matrix
   rows: 3
   cols: 1
   dt: d
   data: [ -6.7975456833763576e+02, 2.5821087525985092e+02,
       2.4618482607607252e+03 ]
img_7_rotVec: !!opencv-matrix
   rows: 3
   cols: 1
   dt: d
   data: [ 2.0949409903636251e+00, 2.2164252920033909e+00,
       1.0956649917486787e-01 ]
img_7_rotMat: !!opencv-matrix
   rows: 3
   cols: 3
   dt: d
   data: [ -5.5395616786893864e-02, 9.9189624994237469e-01,
       1.1433789831483754e-01, 9.9833703182102562e-01,
       5.6853822294628098e-02, -9.5296267122966863e-03,
       -1.5952947551610773e-02, 1.1361985847881262e-01,
       -9.9339621059457950e-01 ]
img_7_tvec: !!opencv-matrix
   rows: 3
   cols: 1
   dt: d
   data: [ -6.2731923632539520e+02, -7.7673428778681489e+02,
       2.6195427431704393e+03 ]
img_8_rotVec: !!opencv-matrix
   rows: 3
   cols: 1
   dt: d
   data: [ 2.0208397585831790e+00, 2.1882617721449411e+00,
       -2.1205747308659686e-01 ]
img_8_rotMat: !!opencv-matrix
   rows: 3
   cols: 3
   dt: d
   data: [ -7.7536008370537091e-02, 9.9682891980278687e-01,
       1.7896146254778547e-02, 9.7484455466496844e-01,
       7.9563855783433834e-02, -2.0820107370744154e-01,
       -2.0896473780526387e-01, 1.3028805322238268e-03,
       -9.7792230819032655e-01 ]
img_8_tvec: !!opencv-matrix
   rows: 3
   cols: 1
   dt: d
   data: [ -4.2311235009599599e+01, -2.7600445040420226e+02,
       2.5160820315688447e+03 ]
img_9_rotVec: !!opencv-matrix
   rows: 3
   cols: 1
   dt: d
   data: [ 1.9650438814047442e+00, 1.9468273246317160e+00,
       -4.4880209011003419e-01 ]
img_9_rotMat: !!opencv-matrix
   rows: 3
   cols: 3
   dt: d
   data: [ 1.2400165053769507e-02, 9.9983855895551854e-01,
       1.3003535380475273e-02, 8.9323737440008766e-01,
       -5.2313321181708394e-03, -4.4955492004771458e-01,
       -4.4941431761958472e-01, 1.7189799010500190e-02,
       -8.9315803860711107e-01 ]
img_9_tvec: !!opencv-matrix
   rows: 3
   cols: 1
   dt: d
   data: [ -1.1494075491302964e+02, 5.8087351779594542e+01,
       3.1432362488894146e+03 ]
img_10_rotVec: !!opencv-matrix
   rows: 3
   cols: 1
   dt: d
   data: [ 1.8314199599360044e+00, 1.8231647754521791e+00,
       9.0592026435807785e-02 ]
img_10_rotMat: !!opencv-matrix
   rows: 3
   cols: 3
   dt: d
   data: [ 7.8302662483364704e-02, 9.0510469631298918e-01,
       4.1791647701447254e-01, 9.4207600019938686e-01,
       6.9957585635912811e-02, -3.2802247798027384e-01,
       -3.2613111304556874e-01, 4.1939411646345948e-01,
       -8.4719954684802135e-01 ]
img_10_tvec: !!opencv-matrix
   rows: 3
   cols: 1
   dt: d
   data: [ -8.4333125659889618e+02, -1.8576537752160544e+02,
       2.8571096087965593e+03 ]
img_11_rotVec: !!opencv-matrix
   rows: 3
   cols: 1
   dt: d
   data: [ 1.7509596290282472e+00, 1.8412554302634285e+00,
       2.1192888976572796e-01 ]
img_11_rotMat: !!opencv-matrix
   rows: 3
   cols: 3
   dt: d
   data: [ 3.3083981027656972e-02, 8.6110136635016621e-01,
       5.0735577957606626e-01, 9.5385029539332911e-01,
       1.2438482219951164e-01, -2.7330940339559184e-01,
       -2.9845445913475666e-01, 4.9298362333476375e-01,
       -8.1724664755892851e-01 ]
img_11_tvec: !!opencv-matrix
   rows: 3
   cols: 1
   dt: d
   data: [ -5.2231561742986094e+02, 1.3507780263555620e+02,
       1.7274474266514887e+03 ]
img_12_rotVec: !!opencv-matrix
   rows: 3
   cols: 1
   dt: d
   data: [ 1.9769167933854142e+00, 2.0449133159510411e+00,
       -1.7376131929299954e-01 ]
img_12_rotMat: !!opencv-matrix
   rows: 3
   cols: 3
   dt: d
   data: [ -1.5437204610435185e-02, 9.9218998249239587e-01,
       1.2377694193812624e-01, 9.5708036511961092e-01,
       5.0493726795707961e-02, -2.8539018598541932e-01,
       -2.8941124272620689e-01, 1.1405885408866381e-01,
       -9.5038503270393182e-01 ]
img_12_tvec: !!opencv-matrix
   rows: 3
   cols: 1
   dt: d
   data: [ -4.9657733066572837e+02, 1.5640492054009869e+02,
       1.8895536817003499e+03 ]
